eval_loss = 0.10103753906103873
eval_precision = 0.7312430011198209
eval_recall = 0.8393316195372751
eval_f1 = 0.7815679233991621
epoch = 5.0
